0.13
0.09
0.17
0.22
0.19
0.2
0.15
0.15
0.16
0.17
0.17
0.13
0.18
0.19
0.18
0.18
0.13
0.13
0.14
0.11
0.15
0.24
0.12
0.14
0.16
0.2
0.17
0.24
0.15
0.12
0.13
0.19
0.17
0.2
0.22
0.26
0.16
0.21
0.23
0.25
0.34
0.23
0.27
0.28
0.31
0.22
0.35
0.28
0.26
0.22
0.21
0.16
0.31
0.18
0.2
0.21
0.3
0.25
0.24
0.29
0.29
0.25
0.22
0.27
0.26
0.24
0.26
0.29
0.24
0.2
0.3
0.34
0.21
0.33
0.22
0.3
0.41
0.2
0.22
0.18
0.29
0.32
0.37
0.32
0.29
0.27
0.3
0.4
0.38
0.28
0.35
0.31
0.33
0.39
0.24
0.27
0.24
0.42
0.38
0.29
0.3
0.35
0.28
0.32
0.41
0.52
0.35
0.29
0.56
0.41
0.27
0.38
0.47
0.41
0.36
0.31
0.44
0.3
0.44
0.35
0.49
0.43
0.4
0.43
0.43
0.42
0.35
0.42
0.42
0.39
0.48
0.46
0.39
0.49
0.39
0.45
0.42
0.39
0.35
0.41
0.27
0.42
0.47
0.37
0.32
0.29
0.38
0.41
0.5
0.48
0.4
0.36
0.43
0.33
0.46
0.42
0.38
0.5
0.44
0.46
0.5
0.52
0.35
0.4
0.36
0.44
0.31
0.42
0.43
0.42
0.49
0.42
0.46
0.48
0.36
0.45
0.46
0.4
0.5
0.36
0.39
0.44
0.44
0.49
0.46
0.44
0.47
0.43
0.56
0.48
0.47
0.41
0.54
0.48
0.49
0.48
0.42
0.45
0.44
0.44
0.53
0.51
0.55
0.51
0.47
0.54
0.53
0.52
0.41
0.57
0.59
0.5
0.56
0.57
0.63
0.52
0.61
0.54
0.5
0.48
0.41
0.53
0.49
0.58
0.59
0.52
0.5
0.47
0.49
0.54
0.52
0.62
0.44
0.51
0.5
0.59
0.7
0.52
0.46
0.6
0.43
0.6
0.46
0.49
0.56
0.66
0.56
0.53
0.63
0.57
0.53
0.6
0.58
0.72
0.57
0.64
0.49
0.62
0.54
0.53
0.61
0.58
0.61
0.62
0.58
0.64
0.57
0.7
0.52
0.56
0.51
0.64
0.51
0.63
0.58
0.55
0.66
0.6
0.68
0.56
0.63
0.69
0.52
0.62
0.58
0.59
0.63
0.63
0.66
0.77
0.57
0.61
0.6
0.74
0.58
0.65
0.66
0.66
0.57
0.64
0.59
0.61
0.65
0.61
0.81
0.72
0.74
0.56
0.51
0.68
0.68
0.52
0.65
0.61
0.53
0.73
0.56
0.6
0.66
0.53
0.69
0.64
0.73
0.69
0.69
0.63
0.56
0.65
0.67
0.61
0.6
0.79
0.62
0.7
0.74
0.69
0.73
0.67
0.73
0.67
0.59
0.84
0.63
0.59
0.68
0.65
0.62
0.77
0.62
0.72
0.74
0.92
0.61
0.67
0.55
0.56
0.64
0.78
0.62
0.72
0.68
0.77
0.7
0.84
0.77
0.69
0.72
0.66
0.77
0.7
0.68
0.78
0.77
0.54
0.68
0.69
0.8
0.57
0.62
0.73
0.54
0.78
0.69
0.81
0.8
0.7
0.79
0.61
0.64
0.71
0.81
0.75
0.94
0.82
0.8
0.8
0.73
0.75
0.88
0.81
0.84
0.66
0.76
0.84
0.83
0.62
0.74
0.85
0.82
0.75
0.63
0.85
0.8
0.7
0.88
0.71
0.84
0.79
0.86
0.79
0.86
0.84
0.68
0.77
0.78
0.84
0.83
0.83
0.66
0.71
0.82
0.72
0.67
0.66
0.68
0.76
0.62
0.77
0.83
0.84
0.83
0.89
0.74
0.84
0.97
0.73
0.72
0.94
0.81
0.81
1.0
0.87
0.93
0.87
0.86
1.14
0.88
0.87
0.78
0.9
0.82
0.8
0.88
0.96
0.79
0.82
0.91
0.78
0.83
0.72
0.69
0.64
0.86
0.83
0.94
0.77
0.78
0.92
0.73
0.81
0.88
0.83
0.83
0.83
0.73
0.77
0.73
0.78
0.91
0.73
0.8
1.07
0.9
0.94
0.81
0.68
0.88
0.65
0.78
0.78
0.25
0.23
0.33
0.31
0.22
0.26
0.27
0.29
0.31
0.34
0.36
0.26
0.23
0.3
0.42
0.31
0.32
0.42
0.33
0.42
0.35
0.45
0.45
0.44
0.41
0.47
0.44
0.4
0.44
0.43
0.39
0.52
0.52
0.47
0.49
0.38
0.43
0.65
0.55
0.44
0.46
0.53
0.57
0.65
0.44
0.48
0.63
0.6
0.56
0.52
0.51
0.58
0.58
0.62
0.67
0.5
0.71
0.59
0.74
0.59
0.67
0.64
0.57
0.73
0.78
0.73
0.79
0.68
0.66
0.69
0.69
0.74
0.67
0.56
0.68
0.8
0.55
0.7
0.98
0.74
0.81
0.78
0.79
0.73
0.9
0.84
0.75
0.72
0.86
0.87
0.78
0.85
0.85
0.76
0.72
0.96
0.84
1.02
0.81
0.93
0.91
0.83
1.03
0.98
0.93
0.96
0.94
0.97
0.95
0.91
0.96
1.26
1.06
1.04
0.85
0.94
0.91
0.98
1.01
1.01
1.12
1.04
1.1
1.13
1.16
1.02
1.06
1.09
1.03
1.02
1.0
1.17
1.3
0.98
1.11
1.14
1.21
1.1
1.35
1.34
1.26
1.36
1.11
1.08
1.23
1.18
1.25
1.27
1.36
1.36
1.31
1.41
1.25
1.39
1.42
1.56
1.34
1.5
1.46
1.51
1.57
1.48
1.43
1.52
1.45
1.38
1.55
1.42
1.58
1.46
1.39
1.49
1.61
1.66
1.77
1.17
1.56
1.59
1.77
1.64
1.56
1.51
1.51
1.44
1.62
1.79
1.77
1.82
1.73
1.68
1.95
1.79
1.84
1.88
1.71
1.85
1.83
1.98
1.66
2.04
1.57
1.88
2.11
1.84
2.24
2.08
1.76
1.97
1.9
1.84
1.91
1.79
1.98
1.83
1.86
1.99
1.72
1.98
2.05
2.11
2.06
1.99
2.11
1.93
2.11
1.9
2.02
2.3
2.16
2.15
2.18
1.95
1.99
2.1
2.07
1.62
2.28
2.16
2.06
2.0
1.89
2.1
2.58
1.94
2.05
2.34
2.15
1.87
2.15
2.0
2.38
2.09
2.22
2.2
1.87
2.48
2.22
2.2
2.14
2.04
2.03
2.2
2.18
2.01
2.39
2.29
2.16
2.04
2.21
1.86
2.13
1.9
2.3
2.36
2.35
2.14
2.49
2.09
2.19
2.3
2.47
1.88
2.41
2.64
2.2
2.28
2.43
2.25
2.44
2.23
2.11
1.96
2.09
2.15
2.4
2.17
2.23
2.03
2.28
2.03
2.37
2.16
2.36
2.39
2.39
2.23
2.32
2.08
2.57
2.36
2.32
2.19
2.08
2.46
2.36
2.45
2.38
2.39
2.61
2.38
2.35
2.39
2.28
2.01
2.72
2.45
2.62
2.1
2.54
2.48
2.39
2.25
2.16
2.37
1.96
2.12
2.1
2.25
2.5
2.61
2.57
2.04
2.7
2.62
2.02
2.78
2.47
2.44
2.49
2.36
2.17
2.33
2.32
2.33
2.63
2.38
2.33
2.14
2.21
2.37
2.38
2.45
2.15
2.42
2.28
2.54
2.45
2.67
2.54
2.08
2.3
2.42
2.2
2.43
2.32
2.6
2.04
2.38
2.22
2.29
2.63
2.23
2.14
2.05
2.3
2.08
2.11
2.58
2.3
2.6
2.73
2.39
2.13
2.17
2.38
2.26
2.16
2.23
1.92
2.38
2.42
2.31
2.37
2.09
2.53
2.35
2.19
2.25
2.61
2.58
2.53
2.49
2.28
3.02
2.12
2.66
2.64
2.53
2.19
2.67
1.96
2.42
2.67
2.36
2.44
2.26
2.48
2.43
2.56
2.29
2.61
2.75
2.51
2.37
2.29
2.55
2.34
2.21
2.78
2.81
2.63
2.54
2.38
2.3
2.05
2.66
2.5
2.71
2.29
2.35
2.25
2.55
2.53
2.26
2.29
2.7
2.08
2.28
2.54
2.47
2.37
2.42
2.56
2.46
2.42
2.41
2.64
2.27
2.22
2.11
2.0
2.27
2.07
2.44
2.6
2.2
2.5
2.34
2.51
2.56
2.09
2.64
2.2
2.66
2.41
2.49
2.62
2.34
2.5
2.36
2.76
2.67
2.52
2.44
2.77
2.17
2.3
2.55
2.87
2.6
2.54
2.08
2.75
2.63
2.43
2.51
2.49
2.26
2.65
2.49
2.65
2.3
2.41
2.39
2.4
2.76
2.13
2.11
2.28
2.3
2.47
2.46
2.35
2.45
2.51
2.38
2.44
2.34
2.45
2.51
2.57
2.52
2.34
2.72
2.38
2.38
2.21
2.5
2.29
2.34
2.19
2.53
2.47
2.46
2.46
2.3
2.58
2.56
2.53
2.58
2.75
2.74
3.07
2.84
2.57
2.64
2.52
2.66
2.54
2.47
2.99
2.39
2.5
2.44
2.69
2.99
2.71
2.84
2.45
2.74
2.31
2.47
2.36
2.63
2.69
2.18
2.19
2.39
2.36
2.51
2.69
2.66
2.05
2.91
2.32
2.55
2.54
2.36
2.32
2.53
2.31
2.24
2.36
2.48
2.61
2.5
2.55
2.3
2.52
2.26
2.8
2.54
2.57
2.46
2.39
2.76
2.58
2.66
2.37
2.5
2.51
2.6
2.3
2.72
2.5
2.73
2.45
2.46
2.56
2.64
2.5
2.53
2.82
2.44
2.91
2.46
2.52
2.37
2.45
2.12
2.44
2.4
2.55
2.74
2.56
2.57
2.66
2.39
2.66
2.61
2.92
2.43
2.75
2.85
2.77
2.67
2.78
2.57
2.52
2.34
2.71
2.59
2.59
2.88
2.86
2.69
2.48
2.69
2.62
2.44
2.68
2.95
2.98
2.61
2.28
2.87
2.78
2.42
2.43
2.33
2.39
2.49
2.33
2.37
2.58
2.44
2.61
2.75
2.41
2.78
2.76
2.75
2.85
2.87
2.96
2.86
2.93
2.9
2.74
3.22
2.83
2.5
2.69
2.35
3.03
2.77
2.55
2.71
2.53
2.67
2.73
2.28
2.59
2.55
2.72
2.72
2.51
2.58
2.75
2.49
2.5
2.55
2.85
2.57
2.54
2.89
2.53
2.59
2.78
2.59
1.87
2.64
2.67
2.8
2.74
3.04
2.5
2.41
2.6
2.74
2.8
2.75
2.39
2.52
3.18
2.55
2.71
2.94
2.76
2.66
2.44
2.49
2.58
3.02
2.25
3.07
2.66
2.92
2.94
2.54
2.66
2.58
2.66
2.65
2.58
3.0
2.48
2.47
2.77
2.44
2.42
2.74
2.61
2.68
2.43
2.33
2.6
2.65
2.46
2.46
2.31
2.7
2.78
2.76
3.09
